Accuracy: 0.9649122807017544 
 Precision: 0.9534883720930233 
 Recall: 0.9534883720930233 
 F1_Score: 0.9534883720930233